==========================================
SLURM_JOB_ID = 408406
SLURM_NODELIST = gnode54
SLURM_JOB_GPUS = 0
==========================================
/var/spool/slurmd/job408406/slurm_script: line 9: /home/sriaish/keras/bin/activate: No such file or directory
/home/sriaish/.local/lib/python2.7/site-packages/requests/__init__.py:83: RequestsDependencyWarning: Old version of cryptography ([1, 2, 3]) may cause slowdown.
  warnings.warn(warning, RequestsDependencyWarning)
Using TensorFlow backend.
pygame 1.9.6
Hello from the pygame community. https://www.pygame.org/contribute.html
/home/sriaish/AAMAS21-375/racetrack/qLearningAgents.py:133: UserWarning: Update your `Dense` call to the Keras 2 API: `Dense(64, kernel_initializer="lecun_uniform", input_shape=(4,))`
  self.model.add(Dense(64, init='lecun_uniform', input_shape=(self.nb_features,)))
/home/sriaish/AAMAS21-375/racetrack/qLearningAgents.py:136: UserWarning: Update your `Dense` call to the Keras 2 API: `Dense(64, kernel_initializer="lecun_uniform")`
  self.model.add(Dense(64, init='lecun_uniform'))
/home/sriaish/AAMAS21-375/racetrack/qLearningAgents.py:139: UserWarning: Update your `Dense` call to the Keras 2 API: `Dense(32, kernel_initializer="lecun_uniform")`
  self.model.add(Dense(32, init='lecun_uniform'))
/home/sriaish/AAMAS21-375/racetrack/qLearningAgents.py:142: UserWarning: Update your `Dense` call to the Keras 2 API: `Dense(9, kernel_initializer="lecun_uniform")`
  self.model.add(Dense(self.nb_actions, init='lecun_uniform'))
----------
### DDPG Module ###
Epsilon Decay = 0.9995, Discount Factor = 0.90, alpha = 0.000100
Input Features = 4
----------
/home/sriaish/AAMAS21-375/racetrack/qLearningAgents.py:593: UserWarning: Update your `Model` call to the Keras 2 API: `Model(outputs=Tensor("de..., inputs=Tensor("in...)`
  model = Model(input=state_input, output=output)
/home/sriaish/AAMAS21-375/racetrack/qLearningAgents.py:609: UserWarning: Update your `Model` call to the Keras 2 API: `Model(outputs=Tensor("de..., inputs=[<tf.Tenso...)`
  model = Model(input=[state_input,action_input], output=output)
----------
############ HierarchicalDDPGAgent ############
Outside Epsilon Decay = 0.000000
FinishAgent: Discount Factor = 0.90
CollisionAgent: Discount Factor = 0.80
Arbitrator: Epsilon Decay = 0.999500, Discount Factor = 0.90
Reward: Finish+Time = 9.00, Collision = -30.00, FinishTimePenalty = -1.00, CollisionTimePenalty = 5.00
----------
[-701] 201 0
[-201] 201 0
[-211] 201 0
[-201] 201 0
[-206] 201 0
[-201] 201 0
[-201] 201 0
[-201] 201 0
[-201] 201 0
[-201] 201 0
[-206] 201 0
[-201] 201 0
[-201] 201 0
[-39] 59 1
[-201] 201 0
[-201] 201 0
[-39] 59 1
[-206] 201 0
[-44] 54 1
[-36] 51 1
[-40] 50 1
[-72] 67 1
[-32] 52 1
[-29] 49 1
[-34] 54 1
[-46] 61 1
[-52] 62 1
[-36] 51 1
[-58] 58 1
[-49] 64 1
[-201] 201 0
[-651] 201 0
[-34] 54 1
[-74] 64 1
[-44] 54 1
[-47] 57 1
[-41] 56 1
[-30] 50 1
[-201] 201 0
[-201] 201 0
[-34] 49 1
[-34] 49 1
[-29] 49 1
[-33] 48 1
[-201] 201 0
[-29] 49 1
[-33] 48 1
[-201] 201 0
[-29] 49 1
[-201] 201 0
[-41] 51 1
[-54] 54 1
[-206] 201 0
[-496] 201 0
[-147] 72 1
[-681] 201 0
[-606] 201 0
[-211] 201 0
[-701] 201 0
[-80] 70 1
[-61] 71 1
[-201] 201 0
[-112] 82 1
[-37] 52 1
[-45] 55 1
[-48] 53 1
[-36] 51 1
[-47] 57 1
[-30] 50 1
[-201] 201 0
[-201] 201 0
[-201] 201 0
[-38] 58 1
[-201] 201 0
[-36] 51 1
[-33] 53 1
[-29] 49 1
[-30] 50 1
[-30] 50 1
[-31] 51 1
[-32] 52 1
[-34] 54 1
[-29] 49 1
[-36] 56 1
[-32] 52 1
[-29] 49 1
[-31] 51 1
[-30] 50 1
[-30] 50 1
[-29] 49 1
[-32] 52 1
[-29] 49 1
[-31] 51 1
[-201] 201 0
[-201] 201 0
[-35] 50 1
[-33] 53 1
[-32] 52 1
[-37] 52 1
[-39] 59 1
[-39] 54 1
[-31] 51 1
[-32] 52 1
[-33] 53 1
[-29] 49 1
[-35] 55 1
[-32] 52 1
[-34] 54 1
[-30] 50 1
[-44] 64 1
[-37] 52 1
[-31] 51 1
[-36] 51 1
[-201] 201 0
[-39] 54 1
[-35] 50 1
[-30] 50 1
[-26] 46 1
[-28] 48 1
[-29] 49 1
[-30] 50 1
[-27] 47 1
[-31] 51 1
[-32] 52 1
[-48] 58 1
[-43] 53 1
[-62] 62 1
[-37] 52 1
[-37] 52 1
[-49] 59 1
[-44] 54 1
[-107] 92 1
[-51] 51 1
[-39] 49 1
[-45] 50 1
[-37] 52 1
[-40] 50 1
[-29] 49 1
[-40] 50 1
[-39] 54 1
[-36] 51 1
[-31] 51 1
[-29] 49 1
[-29] 49 1
[-41] 51 1
[-35] 50 1
[-47] 62 1
[-29] 49 1
[-33] 53 1
[-206] 201 0
[-28] 48 1
[-42] 52 1
[-231] 201 0
[-49] 54 1
[-42] 52 1
[-56] 61 1
[-43] 63 1
[-611] 201 0
[-91] 61 1
[-211] 201 0
[-68] 68 1
[-40] 50 1
[-41] 51 1
[-30] 50 1
[-33] 48 1
[-28] 48 1
[-35] 55 1
[-33] 53 1
[-28] 48 1
[-34] 49 1
[-46] 61 1
[-34] 49 1
[-34] 54 1
[-39] 54 1
[-201] 201 0
[-34] 54 1
[-29] 49 1
[-31] 51 1
[-28] 48 1
[-28] 48 1
[-30] 50 1
[-31] 51 1
[-32] 52 1
[-36] 51 1
[-29] 49 1
[-28] 48 1
[-35] 50 1
[-28] 48 1
[-40] 55 1
[-27] 47 1
[-28] 48 1
[-26] 46 1
[-27] 47 1
[-29] 49 1
[-28] 48 1
[-29] 49 1
[-28] 48 1
[-30] 50 1
[-29] 49 1
[-63] 73 1
TRAINING AVERAGE [-587.5, -469.0, -204.0, -210.0, -255.5, -208.0, -209.0, -225.5, -246.5, -265.0, -338.0, -251.8, -157.0, -124.6, -164.0, -86.8, -65.4, -59.7, -42.1, -56.5, -55.1, -38.5, -58.6, -64.5, -43.4, -53.2, -40.9, -44.7, -49.9, -56.2, -48.3, -61.2, -177.2, -43.6, -51.0, -47.1, -102.1, -73.7, -53.2, -39.0, -46.3, -48.0, -31.1, -43.6, -38.9, -35.2, -29.7, -32.3, -48.4, -43.2, -49.9, -64.7, -502.6, -571.6, -393.7, -517.3, -467.8, -378.9, -465.3, -545.4, -295.3, -208.5, -111.5, -48.0, -69.6, -45.0, -48.5, -40.6, -71.7, -126.3, -115.9, -148.4, -33.3, -35.3, -99.2, -36.3, -33.6, -30.2, -32.9, -31.5, -32.1, -45.0, -32.7, -30.9, -31.9, -30.7, -30.3, -32.0, -29.2, -29.0, -29.5, -33.4, -108.9, -91.1, -90.0, -89.1, -86.2, -50.2, -62.5, -30.7, -32.6, -32.3, -31.9, -29.6, -31.1, -31.5, -35.2, -35.0, -39.8, -31.6, -35.1, -32.3, -34.0, -32.1, -32.1, -34.0, -30.9, -31.0, -30.5, -33.4, -31.8, -31.6, -33.7, -33.1, -94.2, -41.6, -72.7, -48.4, -37.1, -100.9, -39.8, -99.2, -51.8, -53.4, -63.7, -53.2, -48.9, -36.0, -36.0, -52.6, -35.4, -69.5, -50.0, -39.0, -44.2, -38.4, -34.1, -36.5, -47.9, -58.6, -37.5, -41.1, -83.1, -86.6, -51.5, -92.5, -66.9, -391.7, -123.6, -125.0, -52.1, -40.7, -163.2, -71.6, -50.9, -34.9, -33.9, -34.6, -32.0, -32.5, -33.6, -31.0, -34.9, -33.9, -30.7, -31.5, -29.4, -29.8, -29.7, -31.7, -32.0, -28.4, -28.0, -33.6, -30.7, -31.0, -33.4, -31.4, -30.7, -32.0, -30.6, -29.7, -31.3, -30.7, -29.2, -29.2, -30.7, -30.0, -30.9, -32.0]
TESTING AVERAGE [-701.0, -201.0, -211.0, -201.0, -206.0, -201.0, -201.0, -201.0, -201.0, -201.0, -206.0, -201.0, -201.0, -39.0, -201.0, -201.0, -39.0, -206.0, -44.0, -36.0, -40.0, -72.0, -32.0, -29.0, -34.0, -46.0, -52.0, -36.0, -58.0, -49.0, -201.0, -651.0, -34.0, -74.0, -44.0, -47.0, -41.0, -30.0, -201.0, -201.0, -34.0, -34.0, -29.0, -33.0, -201.0, -29.0, -33.0, -201.0, -29.0, -201.0, -41.0, -54.0, -206.0, -496.0, -147.0, -681.0, -606.0, -211.0, -701.0, -80.0, -61.0, -201.0, -112.0, -37.0, -45.0, -48.0, -36.0, -47.0, -30.0, -201.0, -201.0, -201.0, -38.0, -201.0, -36.0, -33.0, -29.0, -30.0, -30.0, -31.0, -32.0, -34.0, -29.0, -36.0, -32.0, -29.0, -31.0, -30.0, -30.0, -29.0, -32.0, -29.0, -31.0, -201.0, -201.0, -35.0, -33.0, -32.0, -37.0, -39.0, -39.0, -31.0, -32.0, -33.0, -29.0, -35.0, -32.0, -34.0, -30.0, -44.0, -37.0, -31.0, -36.0, -201.0, -39.0, -35.0, -30.0, -26.0, -28.0, -29.0, -30.0, -27.0, -31.0, -32.0, -48.0, -43.0, -62.0, -37.0, -37.0, -49.0, -44.0, -107.0, -51.0, -39.0, -45.0, -37.0, -40.0, -29.0, -40.0, -39.0, -36.0, -31.0, -29.0, -29.0, -41.0, -35.0, -47.0, -29.0, -33.0, -206.0, -28.0, -42.0, -231.0, -49.0, -42.0, -56.0, -43.0, -611.0, -91.0, -211.0, -68.0, -40.0, -41.0, -30.0, -33.0, -28.0, -35.0, -33.0, -28.0, -34.0, -46.0, -34.0, -34.0, -39.0, -201.0, -34.0, -29.0, -31.0, -28.0, -28.0, -30.0, -31.0, -32.0, -36.0, -29.0, -28.0, -35.0, -28.0, -40.0, -27.0, -28.0, -26.0, -27.0, -29.0, -28.0, -29.0, -28.0, -30.0, -29.0, -63.0]
---------------------------------------------------
